mean_execution_time= 1.366713 ms
stdev_execution_time= 0.376832 ms
mean_period= 108.031043 ms
stdev_period= 0.621696 ms
requested_sample_period_error= 8.031043 ms
